
720000	30 dim	1000 rounds paramveer mixed-case  (improves sensitivity)

         of   in  for   to   on with
  of   0.69 0.07 0.08 0.04 0.05 0.07
  in   0.10 0.49 0.10 0.09 0.12 0.10
  for  0.12 0.10 0.40 0.11 0.09 0.18
  to   0.07 0.10 0.12 0.46 0.10 0.16
  on   0.08 0.11 0.10 0.11 0.47 0.13
  with 0.08 0.06 0.13 0.12 0.09 0.52


720000	30 dim	1000 rounds dean downcase

         of   in  for   to   on with
  of   0.67 0.09 0.09 0.04 0.05 0.07
  in   0.15 0.34 0.11 0.11 0.16 0.13
  for  0.15 0.12 0.37 0.11 0.10 0.14
  to   0.09 0.10 0.11 0.45 0.11 0.13
  on   0.12 0.15 0.12 0.12 0.36 0.13
  with 0.11 0.10 0.14 0.14 0.11 0.40


720000	30 dim	1000 rounds paramveer downcase

          of   in  for   to   on with
   of   0.70 0.07 0.07 0.04 0.05 0.06
   in   0.14 0.42 0.09 0.09 0.16 0.10
   for  0.14 0.12 0.38 0.10 0.11 0.15
   to   0.08 0.08 0.11 0.46 0.12 0.13
   on   0.11 0.13 0.11 0.11 0.41 0.13
   with 0.09 0.08 0.12 0.12 0.12 0.47


400000	30 dim	1000 rounds paramveer downcase

          of   in  for   to   on with
   of   0.70 0.07 0.07 0.05 0.05 0.07
   in   0.13 0.42 0.10 0.09 0.16 0.11
   for  0.14 0.11 0.39 0.10 0.10 0.16
   to   0.07 0.10 0.10 0.49 0.11 0.13
   on   0.11 0.15 0.10 0.12 0.39 0.13
   with 0.08 0.08 0.11 0.11 0.11 0.50


